3986
12414
20275
23511
29714
18335
13358
17681
10790
8537
16220
13740
4131
32061
25184
2004
19022
5644
13890
21630
8607
5487
28762
9396
16324
28648
7792
19757
27753
15625
28193
10273
12215
24548
900
8539
32282
5058
8974
18576
20808
12568
12979
24047
21119
16054
22094
3321
31245
9026
11075
18835
18454
2789
26467
858
31378
21828
24336
9014
25749
8114
13985
1842
19155
16291
17160
28811
26979
16740
23985
6150
1731
16138
12206
23687
14365
9129
14354
16352
15048
11974
4506
9703
1810
19470
15251
2507
61
4936
27127
7592
26055
1160
8410
2136
27119
21669
7940
13709
4468
24046
23520
27676
16544
2329
7317
7836
6533
17020
25714
10800
3975
20352
17551
30625
21530
6226
20145
12976
205
14811
12143
2986
8840
29683
13203
14140
2577
18385
15555
8329
1493
23238
26977
378
26854
28972
29615
21845
832
5529
3127
22930
28496
16472
13162
4330
22711
4889
22151
31920
8267
31975
13246
100
350
23131
18838
9094
7236
26127
21900
9640
2575
3414
9724
6343
23965
32042
17221
30171
13781
31590
13353
24493
17709
24630
24946
2025
29295
17355
23771
27252
30398
13395
3885
21247
7380
2088
4521
24797
1421
8263
13990
32017
5545
12037
1403
30380
28877
22269
11679
14678
9676
13901
13583
21034
28709
12802
26096
14023
13005
5584
16246
675
4142
23559
28164
7843
17263
12738
3733
1769
7926
2913
16730
8942
21547
23866
20388
25552
26751
19596
26885
7405
31662
27828
15282
19120
17216
23716
27692
15275
24406
22672
12320
20454
27811
5098
4235
17015
30649
28561
5921
12627
13702
24646
27376
22372
9502
6495
8257
11484
32443
20415
16319
25032
5121
10501
18651
26344
1415
11012
13166
30910
29076
16244
13472
24805
38
8166
19210
24996
28729
15870
22039
32707
2629
31708
15536
7837
7177
18651
26392
8823
24967
30334
4116
3344
32592
22951
12624
18553
29185
3082
3838
5159
5902
25058
9920
18503
12990
26594
1480
25425
6007
32111
19005
5600
21052
24332
21473
16577
116
13590
26610
6474
13037
31409
19534
26605
544
20738
7642
5389
14263
4767
26147
30735
12620
15171
13382
7349
24692
30663
15630
29351
3068
29261
18013
6995
13938
11967
25037
18935
19943
2936
14998
27132
2292
14912
31411
32646
5371
17790
2880
30281
31151
30121
13351
21150
21975
11008
24315
30934
22863
32635
292
32462
8271
17665
28989
15299
21487
13275
11194
2664
13291
23913
19150
28982
28068
14099
13708
9476
25704
20867
19020
6615
20211
4113
2128
5627
20022
29823
31911
31571
24919
21223
30290
15085
23288
497
17830
9945
15292
23369
2801
5692
5639
8273
22624
4000
24326
5907
11040
28046
20720
29561
32708
12639
17035
24768
1511
30799
6129
16170
14098
18131
12436
27123
21728
7725
30336
6535
4703
4157
29408
13810
27834
17818
3012
11672
30485
10721
20257
9254
7609
12877
28441
3528
9329
29320
21373
2717
25651
29633
25745
5736
3075
511
29455
24712
26901
25525
24942
24618
31282
12182
29283
30909
21084
13482
24745
17062
3765
10402
9214
19509
25501
4201
1902
26328
1307
5883
29907
21647
28286
18042
6557
27040
19780
22399
18639
30348
4922
2734
15946
3649
29669
16525
10062
31889
20769
17302
5182
227
23304
30858
14243
8489
26389
26889
5748
10514
17033
23648
3477
10624
1038
29346
20637
3132
8347
30202
17884
4073
18327
22079
25501
16438
19009
713
29352
15960
4687
5763
23051
28088
27605
2626
22554
22760
9833
24917
19637
25308
20869
1118
30921
6231
6189
15968
22297
13731
32721
4120
29247
13445
3700
19857
23533
30320
7182
14835
10617
24313
21295
5531
6553
29323
9446
21105
18283
19804
13281
25206
3768
1695
31445
21661
1401
21500
12833
13276
11930
317
14510
23682
18943
4170
1049
15307
26053
5463
23572
11698
5322
9052
25865
27910
28271
23749
15873
18880
15260
31851
13765
6548
29957
27332
23362
5830
30380
13142
27954
8511
3239
28274
27897
5600
15652
29470
22733
12310
29610
25939
20762
10671
29090
29801
11557
3308
10261
24015
17135
27863
24247
2047
26204
30678
19493
18865
25492
6273
875
12623
30890
6321
23241
24746
4732
31449
12215
20715
20698
32154
11302
4812
5610
32145
28937
24328
9418
10612
18964
2831
4984
15453
20163
13823
5103
12901
5279
16848
22675
11125
22205
27854
6095
28761
13959
8013
29437
19990
31166
16792
17542
15230
27072
11818
6474
32001
14343
5153
22850
15046
3059
24047
25443
15611
7625
28755
8390
17001
763
21896
21255
9547
4010
10428
8683
16992
29033
21955
11333
22079
26436
269
8218
17643
15105
11221
7683
32679
24485
26780
27603
32011
22842
13270
14970
30552
20944
17635
809
25865
32706
27456
16311
24490
16698
19455
580
27885
4343
4980
12316
24059
14414
28466
25565
14600
25199
25654
15069
24874
29930
21857
4550
28779
20850
20012
29827
30749
25824
26007
17760
7021
10107
19810
24428
14395
29302
24960
14370
4649
20154
19401
17481
13298
8422
4079
9241
31486
22164
5043
23199
307
30943
30552
5219
22797
18466
21080
16711
20465
17665
10327
1458
10942
19118
10837
18158
4262
7781
6183
22223
6204
6201
22056
662
10957
18707
2860
2324
12788
16888
23221
15379
17257
24714
3946
20721
16154
17618
18884
9358
4989
21564
1803
30313
7204
28131
5249
24325
20114
13327
17117
1426
10573
3836
28154
22729
6452
19678
11473
20248
18707
801
15781
29183
3957
5365
637
14522
28345
778
8663
30240
23400
26776
8091
24011
15558
18851
590
25721
23463
5757
22664
32690
13188
2188
12968
2219
22990
15437
25798
18027
28546
11417
9449
25388
20734
29480
22906
20740
30739
29267
11257
25028
17499
19486
13295
5665
7629
19061
20004
26641
9614
7350
29713
5240
26890
3696
10136
10244
19268
7019
18163
21333
6250
1256
23787
19042
30637
19497
16714
13080
12112
13876
7570
26436
28414
15573
10735
3506
5216
4322
13931
20118
7663
4546
21601
10028
16391
24112
13364
8348
20541
25149
2880
28192
31475
1684
5649
13928
30506
25858
2771
3134
11415
9782
4106
23142
32760
27845
2948
18120
14760
29041
23947
20689
14961
13482
23647
12054
29346
26965
9187
12346
20322
31949
3478
8978
4676
24615
25797
2568
18204
30395
11007
7613
19472
19935
202
25331
8178
502
1684
22441
27341
29866
18924
31623
29885
14453
4850
14205
32516
21862
9740
26792
13147
19234
19931
4725
7558
29737
16750
31752
25387
11866
15029
15583
11748
27834
20792
31922
31635
5745
27912
27294
18678
22293
26102
12163
19067
17451
8964
24491
10069
31723
19993
12204
27343
8516
28665
28815
8160
22816
2163
5937
19200
11497
30429
21226
13883
30284
18109
30573
17284
14397
13513
15855
14667
2363
18
8588
15698
29397
23420
23270
29116
27245
4977
16143
26727
18236
15318
1449
24699
22934
31294
14923
579
1903
16478
23847
3388
4639
2754
30442
11372
26978
30654
9188
25845
12195
19110
23145
21226
21370
12097
28791
10337
25203
20860
9368
8906
30993
7516
11786
27263
29714
15158
6174
4252
18165
7202
27870
7952
7098
10925
29426
28404
8169
29646
709
14620
8917
23580
14051
5356
26914
13629
31654
22893
22917
18338
16913
5280
26315
9329
23036
3347
23325
21443
14193
433
26754
13072
10071
7134
8869
6119
14157
18372
17881
2787
21721
26343
28506
11994
26562
4352
10965
10327
27578
22280
31019
6475
19776
15507
13427
1279
3525
23391
30014
12365
29454
25901
23838
21008
17881
30671
27241
10201
25539
30595
14650
17124
10345
25471
21945
8522
29134
22733
924
26487
17405
14169
7918
19935
20463
7497
31247
5869
25006
11404
23805
8508
31163
20150
2513
27146
5549
27403
27277
5098
27676
17113
19476
17848
8125
26636
19066
30162
11726
508
21118
30085
7093
21641
23637
20678
10212
15722
17322
22051
511
7106
24802
23289
20033
22004
18340
4070
30748
29113
20121
31105
6175
29296
17520
24905
28957
29109
30246
21212
18572
9780
27268
31082
7723
19647
30441
29032
1768
10143
4425
25225
12032
2088
886
30186
18280
5777
25502
31884
25196
19458
30229
23048
918
21229
23637
1918
26321
16802
13636
17103
17102
25374
4789
15884
2727
548
26672
25390
29378
27280
22262
7
15609
5351
31552
28280
4087
12338
7880
3301
24037
32269
29834
6886
7751
13563
16844
20031
24352
23804
6236
13331
29021
23138
1561
12884
13424
6880
23988
15742
17724
6372
31928
5765
5169
10534
13000
9483
9912
18049
11816
16855
2001
20483
4480
1411
11258
27968
5852
28532
19540
3307
25590
30992
32001
12711
29624
26922
720
282
14589
31681
11292
18755
24216
12779
12529
28686
18583
24076
24177
294
15049
16459
4470
19979
18557
18247
17529
21604
29069
18693
13491
24214
4251
18478
25217
4757
32411
6519
28941
25339
3985
32096
10539
5719
19612
545
9089
22727
3892
16865
24043
3017
25008
20778
16414
18510
18699
29082
21387
18192
23527
23771
12934
8998
19154
15317
29351
10965
15817
7713
3696
12970
11002
1473
4657
7877
2766
23311
4137
5752
3367
23796
8174
5649
13287
24922
27919
21235
30385
31204
6391
9708
21491
20700
29716
28610
29476
21101
21049
11279
15434
30226
32321
9807
2240
15438
4342
1336
20790
13470
12081
8266
31993
8108
29506
21414
13941
453
1425
17955
26872
14733
10374
21919
19384
28401
15271
7571
7704
28254
31232
19434
31015
17456
30664
14356
23145
11374
9025
28758
19419
10932
19680
12644
19761
24176
31406
31793
25186
26449
2798
15878
27494
28157
27136
16082
10558
9475
24453
18881
5174
22032
14020
17423
26471
20325
17997
9759
1407
17800
6875
2759
6853
32058
18815
18670
8279
20906
11515
19290
9398
27368
4716
6851
32133
14492
6445
20012
18062
1272
18935
21875
20998
13291
10573
21030
28178
664
18711
29336
9098
23302
7565
820
20988
4121
6486
10770
19700
5569
21745
200
24186
2417
17749
131
21213
7891
17876
29782
29103
17594
31045
26065
2065
5720
18018
14294
26673
27825
29551
25512
528
9295
9501
3141
31113
27447
17581
23542
23951
11037
4440
24612
25782
25556
24815
22381
21236
2568
21439
9719
27817
15919
32695
25604
6878
28605
22221
15047
9418
16535
19613
887
8859
15563
32595
23713
3443
14974
26572
10690
4272
30246
21752
12565
112
16121
13955
19370
6484
18340
31412
23480
28037
28481
917
32052
8949
5763
30548
9378
26344
21812
28649
8236
15026
9186
19961
12017
32194
19925
13050
8863
22751
16196
26265
16196
28338
968
11096
19809
30085
2320
18044
4673
7754
31191
16166
8840
27871
17683
6336
17167
26000
9583
3226
19439
13278
15612
1749
16860
11902
6435
27265
6581
23717
13023
24834
23128
24707
16169
14520
4283
27405
25523
5855
19001
7424
9176
179
2345
31011
6611
32728
26549
19404
20528
26106
23786
11173
20353
29617
22539
30640
13394
26279
9771
30345
24927
13052
22010
31468
8708
27625
3552
12662
20724
8100
2120
31664
22318
10884
10815
31817
5933
17766
26685
14499
6239
21327
27970
29586
1753
12883
14373
9568
23369
5045
9001
13588
16172
8015
2514
22259
321
26164
247
13384
11837
26773
21783
16481
8640
13025
17137
24282
9096
22064
7758
16158
25829
16354
23330
4394
29292
13443
11475
30612
28144
29170
12249
23244
9390
15555
20871
419
21960
23777
27176
4873
15605
19832
15694
25883
13686
9234
21607
15709
2380
29440
26513
26179
16552
11003
18608
15863
1443
16395
1213
8790
28719
5544
12129
24123
20045
30239
3266
31745
15489
6456
3485
8515
8835
32278
20885
22502
26680
7262
9162
26714
30432
12444
9646
10524
23185
10210
7188
26496
6116
28338
4746
19885
2542
10013
18665
27113
23666
2605
7978
15127
30292
30849
29563
26237
26705
32311
9874
31435
13294
19983
14914
25689
32430
30668
15948
30385
1416
24030
32631
12109
25752
11839
11491
5538
1813
25243
26522
23645
21379
2995
28776
10220
26666
27651
26605
7744
31686
9634
21744
9169
13952
32619
25846
27107
5917
1370
6931
12808
14454
2104
24833
27367
2856
16507
11887
2619
22412
6248
15003
18463
7146
24954
27683
8072
6889
30983
31513
14355
11850
8225
31061
7425
12758
2747
13583
25983
6805
27148
10669
12843
3649
30265
29401
9173
3834
15150
30167
12162
3899
11468
13589
29623
525
17994
516
29428
15227
14549
295
22398
13637
28026
13418
9313
3033
24134
32692
30646
18302
2732
23487
16930
17875
2854
11048
6047
22392
2079
26050
32127
26123
6161
3632
22958
13910
18667
9651
26423
6854
22709
4672
21513
10783
24950
10966
27644
20079
31830
24078
29967
16449
8192
9972
8435
16914
15946
17429
14286
12297
25880
25817
24633
14306
26237
16659
10378
19756
19492
20183
13657
11700
6639
2700
14653
2625
9181
1345
6615
10113
31537
11589
26130
2884
14033
1265
424
2536
6892
15305
10729
18452
25567
24004
14264
1194
14426
3303
17110
16118
1726
31000
2659
3372
20938
2610
18081
14097
12407
28757
18428
26872
1312
3712
1863
4848
12262
29537
2889
18492
16467
21611
18296
13059
27198
16170
22532
28745
16878
29907
16151
26654
898
9248
1884
30229
27023
30042
28606
30200
22284
7351
1138
2234
22635
26343
18743
9645
16393
29674
22748
19445
25032
5156
7683
26685
12794
31667
2342
17065
19330
16384
26583
2315
8501
21396
16716
18777
24199
29742
23578
28767
15203
16146
20801
8369
18266
24483
20585
30180
28672
3124
31083
2045
18067
17692
28435
17194
18654
2568
1829
26544
12637
31126
15261
17957
4770
3871
16699
3039
16887
29395
26431
13228
21829
4108
9330
28355
14389
26076
30053
6651
7316
17896
28669
4923
18940
30074
12335
818
4273
25809
521
28488
25545
28860
27890
10196
24208
25191
1074
26255
14634
8564
8373
12617
28794
19533
26635
21722
9539
10937
17588
3164
30349
11950
13211
10391
23371
30567
2784
19389
16186
2741
7642
3416
26380
14490
25181
6784
24518
23828
31544
9809
32103
29751
19458
16028
11466
13438
31255
22749
7373
9059
32477
11117
691
22573
12108
9977
32199
24842
23725
9267
24130
32349
29345
6599
21359
10329
13926
28305
17677
4815
2902
15373
23541
9028
24752
5391
32253
3399
11419
9396
16667
2306
6248
14744
6606
22542
16920
4425
18617
3212
14110
30716
19345
18033
3174
4223
21818
23329
14229
22639
4397
6976
3475
15531
13853
10948
2631
21000
11226
8015
17825
1607
18549
22717
14814
23876
26789
18424
16135
3695
26473
6164
24507
5760
14575
28056
27439
4455
11445
12313
26739
28802
6894
4622
20215
24851
295
19167
10317
30449
21034
14143
32560
28542
32035
21436
16326
8408
28673
17812
27938
26964
6431
26059
20493
13096
11300
634
774
24679
11816
19050
32647
13107
3352
5857
4234
1582
18011
1980
20044
26929
24757
9662
1873
30273
15724
32552
15016
29374
1194
29322
1904
4318
12579
7128
13723
25946
32503
6080
15346
25959
16858
4411
26457
232
26226
19811
1877
11490
8960
10628
17355
29232
6979
16245
11
21624
31642
9257
28428
9565
20328
29825
15609
6134
5820
9316
29165
10367
24370
17426
29180
11343
25620
12213
15986
7690
31173
23866
23647
31256
18528
15454
1107
16214
6556
23820
32614
26635
15859
20454
21883
28445
19715
29986
12486
13701
17716
11671
6796
23552
20123
8727
29994
25863
9502
5376
22361
13058
28121
29198
11440
14009
31681
4211
16235
25099
18311
23338
3946
13026
7872
21384
6781
27238
20034
8724
31198
17521
19409
10648
30975
17219
8955
20600
2438
25464
10560
29763
14486
19511
15734
15240
2385
20395
5740
14827
22683
20407
25806
6775
11808
23269
19528
17462
7832
5536
30702
11519
9034
17316
19932
20112
2766
1458
1561
29149
26392
8072
10434
17575
7346
23056
14180
27983
30537
21976
1449
4333
26475
25026
1335
32669
19855
10749
2261
31513
30294
21299
17103
19341
11280
22020
668
5798
386
11956
30143
11500
14823
13600
28651
16723
29236
12535
32362
16140
28576
32294
19136
12705
14180
21908
4235
29505
21439
3600
10925
5465
27198
27016
31661
14180
1850
17019
13659
16387
17058
11696
17331
11344
8699
25641
24324
26991
23460
2387
2386
27751
24415
8575
31480
31792
18445
19605
17041
25102
6841
6407
7193
29725
30424
773
17232
11820
7119
29680
17759
19662
26550
22032
5566
7855
13148
4233
27221
37
12171
32651
8930
13575
10125
15562
16282
5314
19694
19502
11027
15529
28804
203
23393
15501
19629
11795
3712
29070
17624
31050
9714
816
15943
24379
26024
14002
30227
16938
6694
3227
30832
5129
27107
23701
7474
28911
21998
25470
11664
15813
11735
30653
5928
8003
31437
22482
20548
23835
9732
18225
20828
1395
24154
27985
18396
25753
313
11008
26150
9458
2751
23033
29915
11060
20764
10936
2391
725
3900
5261
1402
28356
679
3056
17582
29270
8357
29460
6693
26243
9893
30911
1123
28498
2527
22872
14845
26002
2617
13890
29600
2251
27751
30568
5972
3444
8023
27417
10498
23398
20684
6167
9268
4241
13641
30186
8989
7150
1840
32634
30425
1204
299
21469
5366
12751
22475
22894
32306
17806
30319
5919
646
24988
872
14352
1636
26417
28506
28000
11582
1929
5093
8771
3399
14486
9605
13908
20605
25074
31927
12845
26343
22039
31326
10805
11803
27602
2916
17338
12804
19445
4004
4160
27362
18253
10248
13080
7314
18643
12270
1332
15120
14374
26065
11065
30778
24633
1829
20950
24279
11849
25474
1109
7895
23827
11013
20847
28380
24643
31732
12901
9978
9263
29600
26700
30907
30149
18064
17320
26727
9922
9179
2621
27522
16934
26582
28450
20629
25828
25071
20759
21554
3805
12761
13080
1842
15
32746
9011
27201
30218
5313
918
25245
23972
5163
27116
27674
19694
24392
2282
11370
22887
25065
22564
19355
7791
20285
28198
13793
2046
4525
16576
10902
13717
29188
16289
15487
2421
14803
32039
10065
14352
21780
22902
7795
27581
14093
25544
30982
20655
1655
26116
24355
7464
21728
20113
23651
27114
25934
27756
31653
28399
17957
12664
20491
30809
16970
28438
3910
10156
28041
16630
8468
21819
20532
6701
18438
9696
30221
10375
18311
10480
25702
542
11034
4718
15239
20779
4835
25983
1872
29213
10601
8990
800
14312
9882
20753
21749
19104
1040
27932
980
21574
18066
8308
11627
28642
222
18294
16117
3793
29605
8601
13662
18529
28376
15778
10407
18331
22562
30231
9869
19296
31414
4597
8293
27832
1098
23973
28747
8038
21347
20525
14715
8384
31444
4260
10239
18621
7809
28648
21387
29008
3433
10899
18853
26612
15588
1834
776
7560
2344
9368
18507
2142
24338
3291
18878
27791
13092
24574
28309
32401
27082
11079
8008
5131
5345
16561
3897
22247
10873
8860
18840
11945
6362
22468
1411
21504
23494
15216
1394
17051
30462
7660
1491
32062
31240
18744
32497
22549
28974
15874
15898
15688
26570
15570
6657
8143
24513
28549
18017
4232
25166
18172
2787
10631
3585
24853
24898
17325
17927
2778
16045
10876
26283
13049
3181
16937
8989
24693
5063
21491
28786
410
24868
29876
8685
10038
25199
14774
6781
6
17599
12231
14214
10351
21814
18576
22756
8814
26921
12834
10798
2514
4480
19666
4407
22697
7520
13127
26075
20472
12296
2257
22264
22703
28153
508
8378
28891
1370
23398
30748
31006
5530
13005
20395
30300
14935
30316
22925
7096
15743
24200
27331
12479
13493
9542
9131
10210
3574
28863
457
31018
20348
9046
16070
5415
3810
1610
8377
1066
25482
647
8102
1460
22588
23490
1092
17453
8207
8644
25604
28889
4749
19462
7758
23561
13074
13183
16142
23950
18293
24250
27247
8563
16874
21547
13798
11500
551
26307
4723
12169
12742
12482
11300
29871
16363
12493
25306
2377
16422
15680
16463
27067
12443
16837
3928
19479
27488
31526
30824
23188
18214
9567
18262
29244
11036
20472
15968
14820
6672
19601
6767
9569
30935
27583
11421
14585
5104
31766
11508
8472
10340
16263
10872
29252
29680
19181
15464
9555
4198
994
22722
9180
7761
12503
29701
30955
728
20324
20026
31225
15589
9436
4405
31771
5510
15653
9241
27001
12179
19398
22554
19202
14993
9026
21127
6750
19670
13989
22535
28708
10478
22876
23843
25166
29246
12617
4
9962
5351
3863
20350
20242
25837
8395
846
11805
14489
12956
2464
16663
539
29189
3541
10863
11380
26392
23682
5616
16275
6165
18620
6386
4030
2875
30355
25298
31796
6878
11996
20895
273
20410
8244
16150
8305
13703
12609
6609
26328
24014
18491
7867
3794
1274
11179
18119
2006
3506
24691
15586
25712
18022
10511
28710
29600
11560
2586
5712
2429
9662
30740
12916
15133
22005
4706
29679
4537
7224
3990
414
30989
21600
16113
1357
27902
24270
17190
2930
10879
7607
27233
2844
26549
23744
18312
10790
22361
22219
28865
4528
31583
19984
1844
26319
2773
27247
27666
15236
28429
20996
18134
3051
7166
12285
16587
7093
18408
7592
6606
18392
17975
8656
31317
8325
2474
14922
9904
24411
4532
9163
30607
3546
18211
21501
15301
28698
3071
22993
26443
1981
693
6166
13192
17186
20596
3659
5327
11483
24280
9137
10538
12130
24774
10405
1110
16647
7831
557
32014
3117
19832
13265
24461
26550
30224
15276
10574
13244
11876
29890
12822
28290
11000
29588
26164
5546
27447
4338
30215
10152
1301
5905
7874
22902
21491
17629
28780
21641
3779
7056
13611
4357
2412
10884
24001
8237
9584
19781
5975
31517
13772
4075
28282
10683
23072
11687
9059
21995
5391
23963
4987
7938
8681
25071
23582
16766
19847
3361
6815
26356
22135
12700
28045
12873
6234
12173
6965
23589
1673
5362
360
29605
14847
1011
12927
5968
5747
21366
25499
14925
19140
7662
4146
18899
12442
12915
30407
18144
20299
7192
21240
10286
1531
13177
30910
6243
8456
28307
13553
25735
24229
25305
5898
11964
9924
11652
2093
14633
31290
13866
21351
23864
23837
32658
820
769
16497
31431
14404
11526
12036
4203
23934
27680
16791
21582
23878
20409
7742
5951
15355
9788
1802
19234
15300
8650
15332
27971
28045
13615
13244
27370
21324
15636
28900
13360
30601
18805
29878
28944
7709
6998
5757
3265
29242
10930
16787
2883
21931
18613
24262
23865
13661
12843
27904
9718
1823
9783
3368
10202
21670
21832
1347
19167
30676
15433
32479
29039
27706
16408
1201
3961
23003
7482
893
14275
15666
32717
21046
4994
20599
22461
1383
30760
6687
15675
4561
3965
17570
31083
597
17905
9088
1885
17685
29488
2438
8511
21463
28920
21581
11729
15274
5159
20741
8729
18379
15385
24176
11095
21449
27696
28721
13627
2280
9140
22343
8278
2755
26590
29653
15567
22326
13359
13348
23895
23931
17670
1258
5726
4243
28786
5837
32135
30952
325
7459
32090
2352
18538
27132
4410
14996
22648
2914
32150
13330
8070
19935
22627
288
21314
18496
30153
7058
25405
21657
3356
19645
25993
6793
10767
10717
12678
3775
15908
12212
7417
3005
26215
16756
3934
26588
14684
3807
24448
11409
12598
9645
12102
21230
1609
12846
14800
10604
3522
13104
18370
18151
28822
9507
15840
12010
20152
26747
31196
2861
8847
26454
29035
7772
30887
15967
18334
21530
20391
27890
19568
4678
13443
20609
6812
12157
28402
28470
18353
13024
21027
21977
23143
16663
1451
3317
31540
23190
23235
26934
4891
20254
432
15126
19653
2695
13186
8632
11218
7870
9217
1300
11889
12042
20453
31573
11566
8339
31557
7551
27916
13348
29778
3925
6100
27952
28229
15994
3756
27155
2198
7382
19179
4507
22127
23099
16684
14791
31328
24905
31394
11214
10836
7055
22699
10595
12228
16626
13991
22328
14378
13907
24074
12481
2489
16236
176
26938
28747
2043
11633
24043
30363
18467
29430
32171
16308
2063
9418
18851
5289
18136
30388
21332
31367
2217
25157
23516
25736
4129
2733
30836
22153
18168
4819
24638
3006
6630
6564
18238
30117
19392
20650
27301
10040
997
24801
12886
103
7128
4551
2979
11717
28718
26291
24919
20610
14507
9831
21754
25241
11176
232
7504
11082
28855
18318
11811
22475
9866
27479
3394
3131
17
13696
30922
215
15587
28247
17060
32624
223
26187
1359
21789
20243
5445
5600
3117
11229
17467
22343
607
10831
29954
21203
12118
26840
31843
14841
12103
16673
626
13649
26101
12086
23835
9441
19935
13286
30974
13726
18359
13932
17533
28720
32279
10575
20754
9462
12656
30342
7910
22858
67
30432
18080
6662
32659
30883
30075
22342
14234
6515
28572
11632
22715
30582
3234
16242
15544
32182
25214
1611
2085
20423
4741
14797
28
6313
27843
13985
26675
16623
23955
1419
31915
20513
22893
26607
23786
32096
15102
3477
31275
13128
18302
22441
24181
2843
19774
19718
24521
795
4224
9140
5024
29751
31372
942
5781
2794
16128
26345
31838
18273
27496
14995
31744
18652
5390
9624
11331
26710
6420
6251
25700
26216
8895
2563
5387
12395
27670
1572
11644
221
27820
28895
24849
24325
27322
9052
24808
16858
8816
17879
24025
23074
30605
2793
26283
18391
25902
12297
30343
16078
8163
26450
18348
24219
7688
3719
15973
16815
31315
22356
56
1987
25769
17622
2913
24442
5430
8798
25215
21313
30140
22386
8332
23930
29995
15637
2322
2011
14707
22601
26780
6672
9110
7633
22891
7080
23041
9019
16491
11566
19740
24862
5734
31894
27168
27297
20854
22748
28713
15932
704
10471
7052
5059
31839
18867
7018
19360
5023
6063
1413
25439
21356
10084
15443
4977
13066
29016
31569
31273
9478
30002
32154
30731
4716
6174
29368
8518
5690
17011
13754
26751
3349
148
31366
26320
19771
11028
25969
25873
6841
23069
16653
2646
11230
10258
17986
21432
20975
1907
10913
14681
6684
12289
26868
9378
31411
26403
30746
7119
24724
10121
25618
18094
12517
27663
32085
12451
4870
8676
4713
27632
5831
1515
26547
31283
2777
29025
24973
7728
6019
22977
5272
31441
29078
2020
12371
9067
14755
19053
30701
323
23403
10084
15704
12881
407
20769
4767
17732
29098
25196
9593
30406
25651
9698
31006
21504
11591
27803
29273
26209
18734
14345
27103
19611
8541
15139
14559
25839
7588
30403
29658
27819
21929
30029
18357
14577
30357
27026
11533
27833
12557
13556
26058
20505
17252
6346
30967
11461
29711
5894
8401
21458
4185
17941
24349
12479
17240
7174
11199
3509
22815
29935
29065
27918
16949
22668
19793
7189
27462
17194
17222
25356
15641
30147
24196
30324
22722
4459
28389
3464
25625
490
22810
16907
31338
31659
11515
7491
5486
4309
30236
30278
634
8631
31393
1396
14327
11369
23635
20805
7954
16304
20467
22597
9652
5411
24270
7260
11445
5772
26257
29523
9805
21137
19295
16532
30923
9364
4129
31793
31113
5079
18717
11048
5151
11748
7371
11494
29143
24620
18147
521
13665
5358
20923
28778
7880
5978
31184
10331
11173
759
28578
20269
1939
16962
27590
4854
24802
24728
18742
11152
30096
13141
6635
27877
27764
7742
27054
20074
20157
30492
9003
3050
13723
19626
19271
17285
60
5297
1715
13560
9722
1394
7617
1567
30931
7748
29303
12472
27673
9086
7395
32105
13162
4503
8621
12293
19939
19340
30451
18699
20881
2178
19280
111
2856
17581
17214
23965
17912
14704
8351
4284
20508
8390
2198
28975
3829
18400
23451
17762
14295
13584
21455
14275
257
25829
23948
7438
24275
25240
24129
28622
8507
16294
23933
9505
1393
11967
17481
16059
4068
17887
9915
15917
17012
11195
19400
23911
737
13406
26458
12412
17795
12564
15010
5286
20540
30599
3760
4234
10668
25640
15681
2493
2211
23504
15320
29574
22492
4263
23824
23270
8680
3654
15408
29653
31080
20760
1792
3023
12671
27910
6619
1423
31367
1875
8710
16923
14083
10180
14912
6912
7381
9477
13722
20959
30386
12360
3209
6440
6610
17455
8250
6694
25580
31468
18469
7228
21857
4007
24037
12654
7096
3871
15175
3106
8266
31637
24225
25128
28478
26598
10597
249
2744
19959
27893
30524
32334
9301
14777
30607
18108
30493
9328
22659
25048
2074
30147
21992
6856
14894
30752
30540
26226
19443
22469
16318
25652
9633
18715
2776
22229
15923
26950
15100
10684
23493
3322
7389
22112
13121
29072
9281
15872
11066
1113
26118
19348
17944
13362
29539
29187
30582
344
31345
23190
26824
16254
20458
22445
28993
15901
17968
28593
17652
19212
30097
5193
7993
17232
22985
22993
27730
9781
26824
17160
13902
24222
1718
29960
22830
13977
31541
26492
16967
10550
19430
25869
16103
1690
8238
28701
7739
7759
4666
24504
10864
25566
4416
18631
15641
16800
14600
1927
29393
3537
17068
32058
16929
21990
29340
22045
31140
29728
10212
27545
26984
9058
28850
5821
15256
1344
18450
1772
16472
20056
24829
28883
12529
3301
8850
10654
11822
15761
14755
620
32262
8843
25459
30720
19578
4314
21950
2745
29633
10225
26618
21188
4003
10115
25053
9360
24611
22424
4895
22914
16224
14049
6273
4331
11965
25416
29198
32055
16192
28876
20129
4455
22840
8844
12455
8897
10019
14881
20518
21189
10190
20785
24063
21860
11198
28993
3184
26477
16847
24011
220
2376
22299
17553
4815
20966
3613
18480
31805
28152
4375
6392
24330
8031
25520
4091
17359
20708
30690
100
30172
4650
2579
13067
24697
4064
2178
16454
20850
23611
2533
15361
17618
7076
5969
26641
7662
27054
19801
24773
29093
2634
6266
30654
17895
15166
4279
12545
27252
14803
14464
5707
20198
20686
8920
21669
31218
674
17591
22583
1515
9188
30125
23137
18055
31231
25545
5640
31718
12841
32441
5678
14032
17558
7730
21190
21055
6123
26515
4038
9757
30965
14021
12925
22350
15003
3685
295
26865
4625
21285
191
29411
847
22127
25876
8581
29122
29772
18207
25280
10561
18565
5524
25670
29506
16136
29623
18202
3150
908
31345
11346
3506
5240
4003
32540
8056
32001
18362
8191
1685
31379
1412
21859
25444
4467
19522
9556
13395
21666
30718
31875
28893
25860
20510
18061
20664
27585
10298
23424
4943
5100
811
26268
23410
18275
27748
10838
29516
13046
31622
17827
3222
21963
13870
24178
20747
8192
17425
21882
22300
25747
10572
26423
20196
8831
31477
24111
31582
26920
16886
14970
19414
23545
27
29313
10653
6476
2921
12550
19969
2186
13234
13413
13436
21395
26214
13081
32044
3936
17580
27009
21379
22503
24497
13540
11584
25406
3904
24500
30110
20484
5780
783
30923
13053
2922
8587
9115
10236
13146
24371
27518
27142
19302
31437
29360
14004
28116
27743
15535
217
2617
19697
1778
13925
9175
27539
6616
7561
18984
13218
9695
3356
32699
18504
278
1086
831
31042
22741
25915
11998
29926
11179
22450
25036
23396
8088
5622
10271
5964
2172
10676
5345
8016
13008
23510
611
1356
18068
23464
11477
30339
22152
24889
23316
4395
28575
20229
2499
13101
15537
5840
19613
9766
4720
26069
23049
19633
30621
23584
29935
13544
32124
21305
10443
13352
31877
30722
3072
28693
2396
15330
31854
30942
13827
24867
2630
22723
29519
9881
1309
15572
9880
22149
24384
6907
18357
15544
23368
31036
6951
18428
14318
14908
23701
23215
20000
4864
28025
3761
21844
3576
23576
28801
16924
16188
22199
30114
29434
3605
24332
12868
8054
14271
20979
4640
15727
28525
5986
6308
20655
16270
3743
27728
22722
4175
2736
12640
20743
30561
29460
30635
30471
13564
23728
16331
19206
548
12044
23422
32472
5163
10687
11596
18166
31095
24104
2922
16849
13189
29023
18911
26982
12846
14955
12261
17171
5161
4278
23698
16809
20690
24254
24247
3522
12073
19724
1033
10325
11806
6506
9086
7047
16908
28241
26362
11716
2947
20129
22571
19215
27466
27028
13489
6294
6052
27381
19843
26250
5843
7053
30094
29741
17115
26079
17311
14893
14984
4885
11138
12080
25522
21561
12908
15024
25280
27560
17046
18953
11115
2756
25131
15312
3781
14314
20836
5479
27257
20644
21489
14030
23892
31775
10652
188
9476
8671
31273
8431
2336
14513
14464
30912
30569
481
16654
20986
13648
1198
14184
21996
19128
24059
26417
31421
2556
14407
11327
23296
22836
32735
9721
11144
8372
10066
14851
17278
726
4134
10782
27312
16634
27593
16713
25132
29130
10442
23596
23310
27843
16457
20663
20374
3825
30637
30983
29310
15609
27285
25993
10378
18013
28944
31329
16480
3580
13840
31757
23706
7128
4636
20293
17434
31772
32326
28710
3229
3934
13149
25744
21395
12321
18787
11725
31023
20894
27457
32115
4538
31684
29370
12683
300
18557
158
23538
29949
17971
25920
22784
12345
25491
27945
14696
24019
18576
26126
863
23867
16555
28672
3841
15666
6770
28387
496
22750
8263
12321
11838
19225
3683
6304
22669
11279
10779
28401
10612
19720
24161
5578
20005
26242
397
19126
3149
27779
10334
15627
19772
32045
10811
4380
25670
7571
15039
9137
5225
14539
15477
8628
6448
5445
12512
18477
14038
13402
27071
24689
5551
20520
24462
19605
27844
27550
20816
14377
16317
10451
4492
16675
13317
22940
9366
11546
16680
32349
5135
32437
16512
10015
7087
32610
8208
27363
4930
4427
15536
26934
14833
23942
10091
2566
18115
12939
23077
28596
25188
9964
8064
20330
28196
21568
12801
9135
15426
15968
22127
27961
7531
15063
30076
30210
26494
27795
30888
19102
22930
10209
28257
24011
314
21144
14703
2634
1288
5267
20367
26349
30799
27749
19294
8434
7213
31817
21881
20623
12745
9048
10467
31694
16858
14079
13991
15259
32105
28847
11454
14107
7127
25558
25650
26944
23073
4111
31364
25755
32611
25493
6732
2417
2715
16894
14111
25104
28080
25382
16565
6499
31155
7785
4427
16325
24676
30229
6983
21011
28408
30494
6683
14085
26137
16660
19051
9918
4911
19027
28018
12449
3806
13434
7074
21351
17615
17694
10890
23406
10420
22207
10749
31572
15494
22010
15473
21189
19473
7937
20133
22417
435
20297
29319
21762
14433
24450
24916
30060
12010
6604
26881
2565
128
16424
18650
1271
1652
30508
16745
22964
1857
18684
23449
14218
22220
21621
11035
21111
19434
31915
4105
11838
12067
11414
15305
8122
1718
776
32053
30835
25564
31458
6136
4207
5457
25480
11067
8779
25361
15762
27522
11658
14175
20421
13264
21292
22796
2113
12818
24706
6902
32251
12986
31810
9423
9838
20395
10711
14624
5006
1621
5882
7309
19966
31009
26502
602
8066
24591
29576
8750
25015
27805
11158
23319
9474
9452
5987
1999
17350
31262
8848
26686
13786
7682
11204
17471
14394
23539
2558
11175
7420
30973
31786
30596
22406
24386
14067
28834
6399
6300
1241
16212
4355
23684
11395
2160
9883
13619
4438
23452
15724
6
16966
22216
23342
19751
27372
8956
16736
25194
23257
11860
20282
25973
5931
18249
16356
28964
10846
32049
6373
6700
9828
27145
23774
9982
3319
18803
22136
32494
4654
251
3995
5268
27982
32158
18657
20338
11235
2701
1354
14552
15120
1326
32305
28677
6948
4708
4990
10639
29037
14608
3102
15877
27729
1496
15024
3026
11674
7207
23169
12388
12050
22644
14523
23694
21840
26568
32217
18475
9425
30842
11102
2309
19787
26685
8647
20725
32573
4958
17086
22347
16331
10566
912
29039
11977
10822
993
7881
29462
29332
31903
3039
16683
30352
6964
20669
12275
5196
7424
28314
20446
7756
16134
20664
14385
906
21989
21644
32416
14525
8715
7455
19742
18139
13349
13748
2548
8925
30169
18347
17936
12994
10936
26533
26016
9174
32110
15849
14048
30260
27964
3591
27440
24970
12201
25019
9834
30492
23156
23315
6258
9484
27084
29140
21775
32472
30403
8219
24057
28452
12801
16960
4915
14010
30389
11775
32154
23759
2514
17626
10175
29832
22903
1465
30962
23484
20654
25044
18079
22268
4954
22738
4062
11984
13931
8242
5957
12868
18516
23019
20224
17059
15807
7759
19236
19587
5759
23861
11841
20993
20166
23127
17463
27214
28824
18681
16202
23147
22911
19148
19320
11056
2177
22033
27657
24723
2127
18177
22377
13863
18879
8301
17715
1251
636
16290
25230
13861
25596
1935
24764
26614
16051
18218
20976
9872
25991
24335
18528
24350
25987
27242
27548
28610
26063
28440
30750
30940
17376
22793
23842
21386
16364
17641
27832
20843
19873
24063
21015
10665
23830
21333
16948
14134
12290
10265
6803
27733
3884
25411
25181
8029
29730
25208
25012
5305
31534
21550
17219
27188
12678
7442
29721
18292
5059
11430
13751
30659
20628
1327
5735
20758
9140
31438
17360
3143
23833
28141
27592
29350
26735
1244
8041
1200
26820
10428
27751
32286
15493
18845
8352
23330
32169
11747
27637
17133
21036
20718
21593
31604
8383
5370
12327
19060
32190
19523
6841
26547
25698
23917
5942
25738
4152
1828
21931
11424
2769
1792
20062
1016
16827
10155
10079
9774
14513
31301
6239
27389
11279
16135
16581
5125
14217
16679
9215
10187
21787
10748
16406
32258
18499
3939
29318
24841
18799
16737
8012
26804
1457
6922
20032
29263
18106
23201
12965
23008
22278
17664
20735
22701
30292
6202
14116
11518
29273
4480
31382
28452
14261
2625
28944
14266
28454
28821
22367
31531
31484
7900
23155
15989
26829
22178
14006
2348
11113
25287
24989
14529
12560
9436
29052
6404
10723
4559
14238
26088
4761
25035
16533
6790
22387
30554
11983
12645
9074
16845
9066
14841
12231
7901
10569
26473
10123
32658
22120
31894
29616
21604
5996
14680
824
1185
22911
11530
25508
29966
1626
4682
15792
25041
1699
6138
2621
3982
15994
15242
5007
6097
14415
6266
5816
21676
29174
20762
6484
12193
32765
29845
18295
22465
31549
1581
28132
8982
27823
2504
25728
7999
11137
14764
32006
5466
24937
18823
18939
1319
10554
23218
20965
23401
31669
1462
696
26512
24225
7440
31121
21654
2590
3377
29350
10535
30774
32201
30077
4868
4789
6213
4445
425
29498
6038
15875
21550
27023
1333
13461
7787
15414
18276
21724
18783
22340
25782
27309
4819
23923
8401
26536
12346
20338
22131
25894
6364
15743
12979
620
15155
14136
13706
29477
8597
28078
7057
21007
18964
15292
5388
3060
13731
2199
28200
30428
29306
14501
3201
27009
9659
8339
26087
26371
22613
11938
21602
13021
2856
15937
27507
24856
22123
18913
12957
14014
6219
28421
26916
28306
30421
30872
14101
13822
14614
25476
28550
30285
15233
4480
18463
15898
913
7721
10714
24328
13999
2645
32518
5044
30805
12708
8850
16872
29556
15960
21640
11538
4883
3942
22488
11508
11833
17612
7511
15516
11022
26150
8199
30103
23869
22396
22169
19298
9116
4191
24112
6945
2319
18740
17000
25491
27818
4815
1687
14662
29973
3140
21587
19207
21301
11001
29492
2717
6152
18688
28122
19895
8657
28068
2098
31522
25718
1090
27382
6207
4390
30043
10355
19125
24894
21990
32399
8803
2158
8427
31242
16281
4632
12109
24324
10631
11768
25064
31424
26869
12298
12763
17063
15157
18344
6951
25744
29014
12787
5498
11326
20379
27509
3909
25130
299
9477
7956
1923
29706
32746
24351
4980
12616
21827
10012
5541
1401
3238
6232
25092
3429
17927
12294
10693
31488
23259
21463
9639
9884
31358
3275
13690
16477
26066
25670
6366
13805
3626
5990
9549
8306
7014
5268
7516
20157
7519
30553
3389
16324
27781
30323
20617
8531
32198
30761
9532
9982
11698
16603
28674
19802
18141
28637
5553
23917
18309
16006
3606
17506
10869
13699
5108
4993
14121
19569
5706
15455
7475
10156
20181
23890
24286
26721
8662
12840
20240
17131
11029
32025
9845
20316
7206
31737
29657
18521
20459
15795
27606
11308
14170
27634
23472
29716
896
23841
17277
21983
12486
662
23433
17339
22388
1802
2296
7754
25971
12621
1453
19700
9559
24375
16235
12417
13981
11490
12858
9191
23344
7190
16909
32608
15922
20485
22433
20928
6138
12601
17576
17414
21337
3530
13095
23345
6178
2516
9245
3157
24297
29736
16741
22253
29194
21314
1757
22899
32750
15996
1736
5166
8841
22401
19825
20044
39
30723
10258
20784
26985
26545
21235
28173
6282
11875
21206
436
30183
22168
32147
27306
1471
13347
30208
9598
25399
801
7955
857
27809
29486
19019
11991
1277
29401
9547
29461
3776
20309
10953
30988
981
31857
6822
28445
20194
6345
15710
20204
18892
574
30371
13682
1405
3749
27461
334
16101
15548
15957
11100
9534
29026
10634
3465
21909
5383
29923
3046
12166
9569
4494
21499
26439
3936
23561
9821
30952
25957
18823
24195
24792
17839
1173
11477
15788
1301
15613
14086
16156
29179
12011
4772
1614
17279
9550
19949
23384
2291
31617
31461
23552
11664
25131
28837
1989
25704
27492
14070
19748
4253
8729
20510
31764
32209
12465
21754
16851
31965
23280
5965
4580
14534
20252
15960
8281
22509
4703
4523
20814
15749
3181
26170
16822
32586
30310
25011
19802
25456
12542
2063
13854
31450
17883
18280
20614
11149
6207
30218
22906
16228
2278
30412
22854
19205
4402
30625
14309
275
6533
32362
26239
17830
3822
14350
16944
5624
31753
15821
5131
6241
10528
17617
21087
26757
1942
27654
1848
29644
27782
7212
41
31250
24231
11819
11081
1696
31603
19366
17788
30043
14216
15826
15860
22588
32334
7817
29431
20736
29914
8090
11234
13089
25618
23652
29806
516
3602
27043
15666
8052
29391
6025
25961
15951
18426
6673
4598
28031
10280
2960
30117
20268
15663
32140
28340
20528
27091
3026
7570
29644
13986
9667
22758
1945
1564
495
8915
21441
21527
28645
890
7022
1122
31816
27841
387
1193
6950
2899
9611
17816
19590
10473
3310
20291
28480
967
11371
29894
13842
16265
9666
27432
29423
21279
3505
18310
11418
6167
20002
10349
12916
24346
30883
3719
8851
11706
7446
10362
5651
2411
30890
5645
26545
29646
4362
26253
18581
31798
4052
22127
6000
2661
29260
4150
11719
18070
24914
29847
6031
17089
17809
11739
26873
18714
27642
4742
9871
29658
20081
6966
29568
29251
21701
28621
31288
7902
8678
20434
17204
19208
16722
23061
28181
25516
18641
30610
243
21330
16994
28056
16883
17753
29301
23339
20252
11904
20058
9638
26726
16044
14074
6309
8212
8165
19397
15649
25924
9889
27115
11229
7365
22341
11215
24321
15400
25833
31929
18181
6938
3419
5322
9937
28401
30311
28982
31523
9348
28758
7341
28976
3136
16821
23578
12430
3192
24664
5008
31825
19965
15262
30593
28533
5871
31733
24114
22652
18386
23457
17771
30807
12004
31930
24691
10378
9646
24692
16956
11404
11482
25508
30682
12908
31300
25727
10041
18106
11604
30116
1552
16293
7562
16989
15633
25441
30554
2081
2915
19916
6971
18782
15953
22864
29435
7542
20804
3851
12629
16903
18926
25133
12229
20848
9417
15010
24219
17041
26048
4850
31567
5586
8491
11621
276
21350
4353
9322
1967
16081
2633
23097
1162
25511
26322
3000
8708
24471
14116
2715
8460
3497
20662
25296
30958
30404
3170
28442
10604
11123
18709
8444
29457
27368
1739
32728
27074
15170
11707
9048
5526
22283
21966
11533
5608
5125
8790
1366
31402
10022
1533
24452
18427
27105
763
18747
22524
1191
15245
18715
3808
8878
26274
20640
5443
4849
31959
1351
3261
31352
12709
9459
29366
31705
3289
2446
9596
30719
14405
4083
16274
19498
21942
26124
15692
12599
28966
1079
8344
8226
25394
21999
1823
24521
14286
21928
26253
8178
27959
8186
25388
17808
7977
16898
29880
19522
29267
18182
19823
24861
21512
18775
14183
6827
25143
2684
23588
29235
3997
22156
10858
25147
22585
14044
20048
20044
6656
14298
28566
6133
26067
17977
10808
1298
23726
26447
30019
23375
27938
20667
27624
21735
1285
9034
11471
21170
2920
19740
17326
28510
14025
22274
20761
22524
5002
8491
25756
3519
20130
21248
15623
29953
6291
588
25353
21895
13468
21920
20992
12294
2095
9718
8976
3302
16037
25492
28274
10309
21809
16947
22287
7999
8978
28769
29774
621
12813
24100
3626
29099
31515
22240
24455
9503
23391
29306
21190
1911
21850
8638
27799
17777
29282
23038
22798
30369
22608
9212
20218
17263
26490
4619
15730
11359
29921
24944
30640
22165
29867
19214
21283
408
10451
18243
27583
2646
10271
18701
664
8040
20818
13425
10927
2712
32419
5149
14347
13216
3439
21068
9484
16437
3627
30954
25085
30020
12444
15608
17128
15740
16458
22835
32686
30988
17714
31728
31318
31406
7355
19531
16294
21988
7915
19072
30192
25217
9179
3993
11823
6508
32104
12362
19283
11937
14636
18201
29656
3192
16045
27073
16797
5162
7635
3545
9204
18321
8608
8369
10229
16431
31515
22141
6937
6002
6285
29877
15364
9270
31984
7099
28065
12684
11173
21439
8308
4794
31845
24800
26156
14467
27514
8851
25464
11176
14895
585
5148
4270
29573
13644
5444
6370
10535
21994
27160
1179
31904
6102
28304
6847
18636
7115
27786
14728
32652
9842
1818
25736
4030
16006
28705
29675
26477
30262
7201
18685
26180
25547
26703
11244
21577
3466
26346
14030
12488
19676
17868
29157
28044
27820
831
1314
27221
1809
25873
8937
17543
26157
26091
4116
20256
27733
3294
27962
18156
18289
25407
9521
5884
29606
31925
9425
16724
20787
17808
16379
16356
20889
2908
26586
29114
32767
29622
5737
26741
26836
21855
4918
10749
9398
10127
30053
14961
2707
31628
1783
609
19726
13434
27981
25918
1828
29045
15079
7182
31759
24029
20082
10340
3690
23537
8962
29584
12951
15776
30108
28179
24670
32667
25591
17238
18390
15023
26755
30107
19849
16210
22443
30259
4563
3964
16983
3569
1931
10936
25014
10720
24037
24698
28730
24625
16791
7347
5092
16759
14651
25251
15809
18967
8437
27118
8885
2041
2389
4595
12663
18564
32127
8025
10717
25290
29833
30698
14682
29183
29220
20645
16581
5168
6783
526
10075
305
15720
30409
24328
3544
7349
26727
32226
28520
29154
24192
4342
21328
30459
9218
3144
7958
30396
9928
31765
27790
10232
30063
23387
5711
22583
20325
13212
26727
10659
31554
27102
18766
26661
22364
23798
28441
14795
22677
14598
29936
11885
27512
9285
25794
29328
27525
10494
2359
10634
9416
220
7143
13031
5041
9572
9161
24332
22303
18883
6126
22298
2238
8650
6767
15381
28563
6711
24484
16710
16597
26166
5526
17885
25343
1575
24503
12763
26403
11170
15057
6703
11393
7864
23869
28703
25176
2172
26453
16362
23548
18115
30763
17068
27433
11559
31356
18305
13463
22354
15839
14317
13006
28793
12354
15228
23356
5158
19351
16037
6533
11323
3019
24820
5402
28724
248
3689
29965
27052
20955
18459
5668
8738
17032
24608
26412
24062
4956
11441
24463
2255
19508
30346
17449
14039
18396
9872
11864
24521
5067
30390
2386
14033
30733
10785
31164
17365
15232
4235
25464
8699
30787
22757
446
1899
5228
30528
17774
31318
13049
8685
28068
22327
12554
10723
3725
3160
845
12898
31354
11928
1977
3030
16691
19309
8063
13822
14734
7205
9533
19789
18752
32369
4981
26513
24306
22051
28479
9170
21144
15415
19258
29053
8190
7952
30408
21186
12195
14341
11643
7738
8651
31260
23242
973
20432
24085
17929
22739
30649
12203
15000
28537
17933
16406
90
32102
12778
8660
14440
21919
24401
20905
29191
31144
31684
28901
3032
17901
18707
29925
13647
15712
19059
28636
9318
14434
18384
22228
21395
31463
7012
26863
23543
30165
32137
7155
16344
14254
17099
12805
14673
20591
16450
23733
24904
11448
18975
4411
17057
11308
132
29184
11697
30491
24217
29025
24566
22367
16348
4527
21509
6275
20408
26234
19907
13099
5978
15119
30424
18351
7616
575
8033
11274
19986
29538
30437
4339
6198
30876
20875
585
32671
21087
19850
18100
3173
5169
27872
25226
21147
24240
30535
16879
989
31443
14437
20033
16168
14962
28227
29363
4846
16905
31744
21559
25962
8121
13511
16546
14130
21391
21246
6410
29707
11529
28608
15219
17920
8662
3726
12203
7862
478
4417
7027
27386
11394
10307
16863
9372
11045
4863
4608
13952
21739
17558
2240
26354
24512
16596
27148
15418
669
17762
5433
3952
3334
4925
30880
16786
6104
27750
26764
18132
13121
6620
23895
31799
13840
3527
23759
31581
4655
30198
4830
24732
21101
21131
23915
14161
9601
25845
20347
119
6732
2847
28572
1912
29023
23271
13699
31042
10173
4562
2804
29086
7906
11518
21474
29373
1540
15704
16856
31508
26776
19470
30359
11627
1560
25416
14849
16176
22276
3859
18229
8464
25383
27293
29948
5577
19739
3496
15716
11065
14095
28217
26794
18875
25800
2704
24413
19892
16102
28509
26561
24425
7017
28209
21106
32020
28531
6195
23113
27446
20047
20756
15235
32558
22963
3653
17952
30731
1858
5735
28554
22943
24405
21763
10103
32212
6395
5755
29712
20548
14143
16448
6483
26627
2985
22854
20406
29631
16903
30389
19981
11276
22892
24802
10925
16377
11898
1149
22482
28647
31453
1036
16190
19099
28184
32151
16675
16529
17284
22693
6723
403
31125
12392
30038
22667
3680
11829
11180
31126
25946
26679
30995
30297
14947
6243
9979
19608
17923
16302
29400
17156
30451
2430
13256
2133
25823
863
886
18585
24682
31992
28222
11468
17523
9277
28306
30888
27798
12774
14236
15038
29942
14879
4900
17094
10042
30081
22197
21044
14550
5697
13307
15116
16012
32167
26736
24822
31026
26050
4152
20629
24501
21339
8264
24853
2654
25639
19406
5123
25428
19776
22733
10082
16483
7638
10248
3579
18939
6690
29730
16884
21372
17052
3075
9636
2224
23406
3198
26278
5273
2088
23856
5932
9582
20405
29867
29078
29152
7310
10196
31300
9121
3373
2185
29608
19239
10437
6023
22687
16558
19504
19851
20737
5756
25385
16312
21622
104
16827
25401
28556
21661
12793
13351
24327
2460
2544
17325
30073
21888
24026
29034
32530
21126
8853
21526
6072
19660
21587
5481
10074
7513
30098
17720
30850
13918
31311
26594
7466
17595
29558
17386
5585
2757
3742
13029
28366
22599
15859
31127
18403
17351
7283
27481
31253
2314
25182
23741
20411
12506
32231
10613
726
26118
9264
20849
30112
7083
28277
29000
22888
26802
22408
6617
14236
15514
11645
19250
4392
20855
19366
5809
2046
32571
12482
11368
18166
21557
17777
22470
7129
5847
26347
12148
30648
5308
2546
31870
18819
25322
2565
7347
26327
29524
30935
25678
30486
9123
511
17110
5309
10549
14065
12098
6386
32358
22317
8033
17757
13583
26806
3705
16441
21069
13510
22319
5803
6020
31936
25766
14674
23715
31590
32491
10015
24489
1612
13969
14951
11624
25484
13208
19510
1928
10172
27540
8679
27600
12317
778
22769
8353
3349
24094
17668
27331
28896
9323
29781
20581
30338
15411
20022
3422
21760
184
32745
7353
21199
14313
11190
31601
3469
2881
3643
2169
27119
2029
3588
9727
16379
27181
26971
32754
6007
14332
30305
7106
2209
28403
10590
5479
5408
18795
21846
11684
3387
24290
23261
3469
21833
9120
14635
25415
8040
2969
13683
15375
28018
21654
3185
16253
28461
15248
25155
12298
4290
8540
25721
21713
19825
25230
21103
12434
6786
26263
24539
10748
32383
10800
9634
2348
10400
18684
5360
28273
7303
19048
8327
9810
17965
13783
4183
32466
2589
12796
13135
498
9696
13190
25460
14712
29880
32515
4144
24559
27793
510
17132
8943
26420
18283
20961
23198
3006
2886
13610
23159
27728
12662
12830
16202
11273
9207
20702
24196
16689
23608
20522
15025
10167
7106
2937
8511
6110
6171
1864
21893
5427
7658
6066
27908
27074
28507
21825
16620
24969
25029
21508
6370
23085
32395
20705
29440
31468
11072
18733
3357
10451
7438
12410
4943
2865
7000
14512
6063
13387
21918
24672
14172
16977
20641
15188
4291
3217
11976
10603
28445
12523
22467
28580
20280
5509
17262
26488
8571
12992
27640
14445
27941
14698
11076
20456
14549
26933
1935
2882
23631
11111
13140
18463
8061
17876
17516
20219
19124
14857
26234
19462
3129
9419
3206
18994
22276
12736
26088
25738
7875
30571
6760
8645
5410
20318
4515
11803
19530
32426
18865
26455
25255
17051
260
28462
7151
5538
14227
14287
2912
16531
19256
16059
13129
3088
13143
27095
15819
9797
8129
15039
13025
4311
32472
19550
20382
11030
12019
20156
25270
11386
24324
29974
21056
9037
25208
2612
11962
19365
31838
7927
30542
21141
26060
1842
29523
22948
4990
6330
17687
20094
32449
24769
6620
27370
30095
17247
6944
28924
13820
14706
1314
30604
22737
8360
1697
23271
20342
20954
19943
9667
30997
29084
26374
1657
4860
12050
20322
9326
2115
25861
25199
27090
25775
20789
956
5518
28375
22001
10801
10615
11653
31206
12437
2248
23647
6709
3922
23247
5063
712
25469
1510
10239
24805
26385
22181
913
17411
15995
10070
238
8413
16220
7081
1877
2758
5258
17578
28406
5948
25432
16623
28760
8127
22039
11542
8952
21988
12252
30831
20275
23973
19844
29173
5989
25083
14326
8579
15443
22447
11176
16708
198
25196
14693
27500
28793
4122
25677
20517
3637
24167
24861
1996
11579
16038
23216
21854
31202
3037
24518
27949
30081
10009
24069
5080
27023
11781
20029
10617
5641
32699
30192
29984
7956
986
25106
17537
32228
26585
32525
13289
30940
18075
29192
12919
26359
28227
5993
5768
16998
14409
19096
22131
20091
10190
23302
14711
21701
16940
21103
5361
15741
21970
28764
27090
1824
9039
32491
30289
24926
7340
25810
4061
28467
12031
6306
22870
29780
19005
22857
10620
29132
6992
20443
13736
30183
11369
32402
21690
9039
24472
8467
28242
13173
30618
25074
27203
30770
8946
2425
13380
8367
15675
2469
10217
17794
15036
2930
30930
25
29245
24920
27427
4444
14617
790
28723
23438
1429
30382
31625
13172
2928
19121
9220
19642
1723
1468
25945
17810
10475
12099
5571
5534
23597
21901
25589
25616
20729
13568
29012
2320
2538
25759
23651
15966
22989
11217
20350
17208
2040
25956
26572
30590
3805
5073
2159
12820
10462
2754
28157
22152
8035
20945
5684
28148
4138
9363
20457
18214
7391
13269
1858
25087
14573
3109
8741
10777
2451
17813
240
17580
3130
24763
30571
30131
30470
29948
20987
24650
1963
5131
15128
9819
13442
1708
5376
11129
29660
18110
7085
32524
3478
23160
25349
12719
10989
29939
1362
6614
6292
32744
5617
19380
28420
29372
11342
18524
5396
6841
6928
10278
20681
14495
10128
17492
23151
5979
21904
9205
9704
22
6954
12298
22085
12145
4358
29416
3987
12303
29392
26333
6903
15957
1001
6166
4350
6509
11357
7616
32302
26001
25110
11886
13793
902
12879
21435
18259
358
32587
304
18681
2211
17990
4712
28180
27977
428
29809
6791
17027
31625
32374
26853
6241
9280
15771
22223
18136
16769
14377
2941
27147
2421
27627
27802
29640
32315
3032
30037
30294
7576
16625
949
3182
14570
29293
4140
647
2398
22804
880
9559
21603
25065
7814
22934
13407
9227
10527
24837
22944
28125
23080
28847
22421
11621
11933
31854
21054
14322
8862
23474
8161
13570
196
11134
13055
12386
15285
4531
24710
6039
1526
17809
22088
9853
7169
379
21932
1838
29848
16890
1699
10533
19288
30213
30430
5028
14737
1152
6463
14162
20821
19202
22925
809
28367
31195
6251
16527
13270
29014
9099
31427
25026
1083
32287
30075
1407
17304
3472
30412
10720
14273
32371
26697
1077
10902
30137
4975
20255
26372
25125
32065
18339
4559
516
9519
126
32654
28952
11068
32696
11255
21205
8544
23164
13916
27856
3115
17191
1910
17780
22188
15775
1122
6902
15761
28134
29417
18060
30095
13551
29444
24538
4357
4016
12703
13485
26844
27768
14494
26860
3249
27267
30
21196
32310
14284
9469
26434
15317
290
26780
19134
24215
10366
24035
23062
20293
13716
26502
16320
22221
13480
27527
26949
3558
30627
24573
28914
28663
28006
5395
20433
5429
862
24659
27608
22540
17752
3365
22111
27073
12183
13970
20184
6741
26404
28238
23994
22444
19558
21750
7102
10223
7154
1942
31054
9006
4516
1646
6714
12362
16879
30966
6574
2322
7537
29471
19041
18860
21195
8156
18190
3895
687
29921
26408
27054
31291
21418
27594
9487
26501
15296
30957
11709
15479
29240
11997
5155
13277
17020
30702
29595
11452
15438
24170
16526
20453
4873
32463
16860
13259
554
27191
14718
29330
23312
3352
106
26216
8192
28205
6582
24
20588
22964
257
27612
19061
19674
14351
30835
26030
13684
22451
29812
11043
23023
10226
30178
20122
32138
869
16384
19736
5314
2527
15207
21671
7694
26192
13397
22871
29389
11241
21320
31619
9341
3713
972
9045
14893
31288
15761
30092
25141
20058
25536
1405
27684
16262
11919
26712
7930
9487
21268
3501
16280
13730
23894
303
23412
30505
28842
31159
11153
26096
25149
22924
9135
5894
25069
993
447
23015
9565
11167
29081
7511
18760
32613
6385
7057
23829
22221
8071
4513
19628
17650
1951
1551
7305
13359
27313
25277
11278
28457
28257
26130
29214
15119
1457
12120
26599
26400
21110
27235
5631
30062
15113
24180
30643
16610
2110
25693
10396
17537
8090
2021
4211
26605
11712
22637
293
29999
21805
11476
31530
7091
13605
24217
3091
9364
23789
16447
31587
15387
32571
21238
14752
29826
31211
32631
17834
26109
1523
22064
31819
4091
9113
6817
1550
24488
5860
7686
22357
32695
2128
11574
30374
21856
7621
5579
32070
20132
8138
1667
1545
26072
32503
20198
32360
32353
19880
16937
3540
32445
505
16723
1866
19395
5102
12446
6440
2347
19441
23584
12095
17232
21890
4010
15145
26165
27178
26097
22236
9670
10416
4843
30080
15201
27792
11644
5758
7317
14761
15442
11994
3882
4150
2574
15554
15969
15615
1188
14695
13692
31185
11268
23819
25473
29227
21498
26971
3132
58
15698
28160
19075
13831
19009
15217
1982
1776
20992
30731
3238
9557
22458
2915
3916
26771
10408
21467
25181
20278
9595
23155
10661
29034
15098
30946
14291
30643
19948
9702
31100
27102
7736
23512
4450
27192
25931
19843
2549
12541
13242
23862
16410
23571
21032
2584
27436
26360
10603
18364
26176
24314
30186
29685
7854
10150
19017
24300
19405
25474
9545
6511
21501
21759
7913
32140
747
19369
28882
9567
29968
29089
24049
17448
23675
3405
15718
5536
721
2894
11421
22414
11410
25778
11450
405
16797
13675
12091
12112
24311
5888
21976
28833
13768
4995
27054
29765
23462
17603
19869
16556
28694
29634
28655
28424
15184
19562
32570
7333
10819
31099
26247
1656
19417
15560
21683
762
13180
22435
21270
20023
25817
22422
12131
23585
11492
6996
15567
9515
3100
9198
12406
8467
5648
1610
7418
25599
27170
4306
20845
4556
10635
31081
8049
7075
3743
10147
19613
31693
2386
28469
13091
25544
1276
20138
21936
4250
15193
1624
27284
14693
14548
7059
8739
19516
30213
7200
11355
27957
10872
13804
16839
27583
15536
30462
13218
8758
29547
18859
18240
29621
19496
265
24746
23596
6887
2470
16521
18098
22320
4729
22853
7708
14934
16920
32621
19406
4861
19500
31066
6353
29146
31522
12815
9510
5050
548
4964
26970
11462
11080
19300
30299
30981
13831
243
26506
13858
31216
15284
15121
27248
8605
809
1143
7467
4583
31004
11634
25601
20822
29502
14588
27088
987
22543
15528
21170
20162
17149
1079
8503
14562
13264
4966
241
23319
19781
31243
6710
29938
26361
11872
21281
14766
30345
24991
8666
26982
5112
719
21527
2694
7505
25565
28643
22400
15757
13550
4511
13504
23222
18932
27462
17121
12109
24191
18677
24865
4842
19415
16042
13330
13858
25927
25419
1171
21933
28347
15595
2815
10440
24974
16970
31396
3801
29597
5530
24951
16466
5280
23689
12293
1751
21946
22907
32173
16547
28494
10775
23821
13096
22805
20230
21690
28917
10349
24823
20532
22237
10484
5863
7449
25686
25430
415
18584
29471
1635
8318
28969
4646
26213
13176
24699
1960
1712
28255
430
16026
24954
29025
1987
9032
25069
10963
22609
13116
17531
1581
3705
17505
20850
3157
10779
18280
9680
22816
16202
2411
32344
2582
14846
14544
14565
2677
2569
12657
32767
24697
19277
21497
21676
24539
15915
27793
27272
26007
9279
27837
2584
243
21834
31872
27996
11709
8303
9927
19107
980
19875
9477
419
32746
21343
3610
7881
18823
5271
27769
10446
6737
15088
32650
27787
10892
302
11341
15118
18141
491
24897
19949
29523
24207
29060
17882
16295
21116
11067
30584
12483
1673
11572
31342
25474
14514
16330
11961
19639
3086
13577
11334
14960
5377
5139
20672
31356
30130
5058
24487
18986
7871
10383
26786
29524
2096
10675
26646
15004
30378
20876
22007
758
8421
7489
5854
19047
18784
20393
860
25612
8276
7017
31119
4957
486
14429
11506
27827
25760
26682
10361
7944
3106
11889
14046
2814
21525
16214
9525
19235
10081
27265
5063
4468
30624
1140
18717
32288
18642
4991
15195
21390
9554
17377
17360
11168
3593
26416
12490
4666
15073
763
10671
10494
16252
12973
6473
14426
26663
24756
4706
20933
25353
6883
25233
26437
2464
1557
18259
31797
24175
13588
31069
21317
4848
26297
561
15810
10704
28500
4080
28696
2395
20813
15215
32661
4662
18700
29836
28015
3660
20503
2243
25353
3082
23418
30716
882
31183
22892
2983
30254
5534
12847
25611
3898
1303
20536
28635
14410
10661
29584
523
32597
1272
21626
31201
28243
16822
22870
12623
4166
13421
25541
9600
18295
26829
30990
3505
22786
3860
18881
21570
20884
24009
23706
9741
10100
15277
24743
3062
15808
17903
27309
17091
11514
1695
8649
17711
29891
28517
8019
15417
31461
27763
1543
18882
31639
9144
5223
24919
20221
13398
13915
9036
10223
2647
23067
28170
12283
6811
3150
6569
9389
6933
8052
4546
23053
2872
25217
16766
18026
8363
10954
1523
31574
27716
13605
6833
12274
19252
8780
13463
16492
30847
4739
16108
18117
21168
9339
28331
12504
10698
23413
8221
30616
10625
12458
12973
23449
13226
21483
22265
19154
16113
24453
805
21409
3530
871
372
18703
20906
27527
19737
31830
3702
25985
12618
12192
21052
2433
24215
9746
5409
27236
27258
29961
21914
4378
27951
31395
17631
18255
12741
7554
6045
30026
11382
14796
20203
5909
11060
24438
3456
3294
29828
17859
19747
19101
18575
6151
2146
10999
30838
32689
11399
26978
2023
3976
26568
1931
3310
29749
10174
8693
16909
3586
23577
30690
32398
22497
20881
10870
2328
16304
14624
30490
30849
21435
12142
28959
5859
27011
22669
32419
31474
8638
25574
7353
19340
28062
3187
11972
24978
31062
26927
23844
15351
8155
8651
18197
31254
19431
23459
3027
20553
27204
29424
28419
10935
20807
21567
7246
29293
16795
2594
20047
10417
25663
21285
23727
19602
27090
21507
30094
16068
12047
14874
1573
6059
2708
25117
5802
9142
10215
22281
7540
31214
5050
15706
3424
24783
23918
32382
9075
30038
29143
18570
14273
18523
4927
13868
5517
26145
4781
13024
7857
31788
11879
28519
15937
4434
14773
31350
28267
1045
29160
20907
21921
17200
9371
32452
16123
29808
2873
5395
29142
32197
32703
9005
11458
9369
28355
27875
18331
14176
10934
371
16629
30065
1126
511
15037
10516
19654
11325
10782
10204
9202
32113
16034
11575
14702
408
17562
17219
